id,EAP,HPL,MWS,Prediction
id02310,0.22346915640962073,0.04055023288959329,0.7359806107007859,MWS
id24541,0.6527682212538984,0.2844813695745527,0.06275040917154871,EAP
id00134,0.3984618805735136,0.5560318370699782,0.045506282356508186,HPL
id27757,0.5200770990929934,0.4210926347169109,0.05883026619009589,EAP
id04081,0.7134187917884668,0.05725541340496815,0.22932579480656506,EAP
id27337,0.5198347657469461,0.35683714087946256,0.12332809337359138,EAP
id24265,0.9066626232250191,0.06399010411298196,0.029347272661998994,EAP
id25917,0.09499582390762965,0.3728856081473936,0.5321185679449768,MWS
id04951,0.7531537701017065,0.1865039875617858,0.06034224233650773,EAP
id14549,0.8635225725077589,0.010959779036881905,0.12551764845535915,EAP
id22505,0.1758492317236713,0.4320820052676232,0.3920687630087055,HPL
id24002,0.2325110051762265,0.6914297881697875,0.07605920665398591,HPL
id18982,0.0875691678929648,0.1790923654350704,0.7333384666719648,MWS
id15181,0.1818646364755657,0.7253244427021324,0.09281092082230197,HPL
id21888,0.31548913166169795,0.4555071259270919,0.22900374241121005,HPL
id12035,0.00221574351904736,0.0023547659701947557,0.9954294905107579,MWS
id17991,0.5979440957494714,0.03977717825287711,0.3622787259976515,EAP
id10707,0.9291918798218434,0.039478533689890294,0.031329586488266434,EAP
id07101,0.6643109889079332,0.18636078368326253,0.14932822740880436,EAP
id00345,0.879213941091082,0.08043282725787487,0.04035323165104318,EAP
id05912,0.7127507959707688,0.08978343891613123,0.19746576511309982,EAP
id13443,0.4428514618966769,0.46912861368978753,0.0880199244135356,HPL
id09248,0.21046010324627698,0.2178338205815826,0.5717060761721403,MWS
id17542,0.09437284568519819,0.49476744364313113,0.41085971067167076,HPL
id06995,0.3889046318872287,0.016903084318598702,0.5941922837941727,MWS
id25159,0.2584161891333794,0.16437606650562092,0.5772077443609998,MWS
id25729,0.5687062510969259,0.31457099722936044,0.11672275167371365,EAP
id26949,0.7339864193650939,0.20825079679555086,0.05776278383935521,EAP
id27191,0.3661864127152736,0.017041654220395858,0.6167719330643306,MWS
id07668,0.29693094680872006,0.04777891326543162,0.6552901399258483,MWS
id02230,0.23078714566451947,0.2738379033798984,0.49537495095558215,MWS
id15553,0.8287433015087275,0.036391835925409004,0.13486486256586355,EAP
id25688,0.043425480358533206,0.8240183329706463,0.13255618667082059,HPL
id17545,0.6225629553498498,0.32268242180098716,0.054754622849162965,EAP
id13929,0.35526806654239956,0.4867831800603426,0.15794875339725792,HPL
id12880,0.23263780237237644,0.5713484737253003,0.19601372390232324,HPL
id19282,0.7293384231032939,0.09573815114753256,0.17492342574917352,EAP
id14690,0.05654931196784575,0.008299997514815489,0.9351506905173387,MWS
id17975,0.45861589931354485,0.3239122053571513,0.21747189532930394,EAP
id08037,0.765348198892282,0.010029098441574631,0.22462270266614348,EAP
id15412,0.19219127909553435,0.0076539511059214175,0.8001547697985442,MWS
id25032,0.4494265913793386,0.004156528021135516,0.5464168805995259,MWS
id27165,0.6961412184561836,0.20022139591891924,0.10363738562489726,EAP
id03327,0.4323068795399975,0.5363061439787964,0.031386976481206176,HPL
id18515,0.5501320254149504,0.28598510281081846,0.16388287177423108,EAP
id21003,0.41184137382859043,0.09264178173344131,0.49551684443796834,MWS
id23855,0.10863110604355954,0.672251741709724,0.2191171522467164,HPL
id20724,0.5572983681215623,0.22813554177227804,0.2145660901061596,EAP
id13303,0.31635657392875394,0.5893815024226418,0.09426192364860436,HPL
id16521,0.19155362072480286,0.36194910015315795,0.4464972791220392,MWS
id20775,0.8702611682929913,0.03480166763570744,0.09493716407130134,EAP
id13029,0.6951987634999611,0.07776707168048552,0.22703416481955344,EAP
id14660,0.6945768699158289,0.2001229833037574,0.10530014678041369,EAP
id11028,0.11955858349917911,0.0006161182015944645,0.8798252982992263,MWS
id14180,0.8636794870652863,0.06664604443472077,0.06967446849999293,EAP
id25860,0.7285177567167733,0.2391233649907677,0.032358878292458974,EAP
id11910,0.3732878258280366,0.002588719112626925,0.6241234550593364,MWS
id08065,0.12065343008916656,0.04176289250627443,0.837583677404559,MWS
id22674,0.22545779014426218,0.11642617610261781,0.65811603375312,MWS
id25018,0.5902634474347898,0.055876977610254744,0.35385957495495557,EAP
id10892,0.17771676081496976,0.7936178875843845,0.028665351600645827,HPL
id10217,0.6061669083647366,0.2989441654337284,0.09488892620153505,EAP
id12996,0.24655648689122778,0.0039374943116855955,0.7495060187970867,MWS
id18262,0.4393469835920818,0.10113623733273742,0.45951677907518074,MWS
id08606,0.25947955989418864,0.5534597195718393,0.18706072053397207,HPL
id17233,0.5771802687426003,0.06048458998470997,0.3623351412726897,EAP
id00101,0.5249832994950688,0.39968325501999064,0.0753334454849405,EAP
id12225,0.34197642396442895,0.2819459745590621,0.37607760147650904,MWS
id01364,0.41200427867543377,0.5610820741387907,0.026913647185775446,HPL
id24973,0.7812371611733648,0.004352419103499839,0.21441041972313538,EAP
id25363,0.28142007771789507,0.06674244117162231,0.6518374811104827,MWS
id10061,0.5594535041768965,0.09913541908042946,0.341411076742674,EAP
id17673,0.440178133107941,0.07422412314183979,0.48559774375021914,MWS
id13249,0.19524226277620957,0.10453840440925043,0.70021933281454,MWS
id10107,0.13207018572170476,0.05373532238012037,0.8141944918981748,MWS
id04403,0.776889096481302,0.1440444439677048,0.07906645955099324,EAP
id25728,0.3650891100229769,0.3971225129717638,0.23778837700525937,HPL
id16184,0.12236344089192153,0.6927197682745324,0.18491679083354612,HPL
id03438,0.14901723478365167,0.018820745238091203,0.8321620199782572,MWS
id22923,0.19097649146686335,0.802109196458656,0.00691431207448084,HPL
id08610,0.8726276682815237,0.044406592975375206,0.08296573874310112,EAP
id25355,0.2219593585417625,0.16331979871301847,0.6147208427452191,MWS
id16916,0.17652554027424067,0.7010051315308833,0.122469328194876,HPL
id12793,0.3564179602796226,0.520853285968222,0.12272875375215551,HPL
id11859,0.44009834071191545,0.013696323480481705,0.5462053358076029,MWS
id02434,0.7947048129111158,0.14715520087300407,0.05813998621588002,EAP
id27703,0.1641574921500974,0.006377542079754915,0.8294649657701477,MWS
id25212,0.15315486872953527,0.6673770637965677,0.179468067473897,HPL
id11308,0.3263284846727018,0.008629594607309258,0.6650419207199889,MWS
id26094,0.8463000622371324,0.11764293072919656,0.03605700703367107,EAP
id22080,0.5316741737213041,0.4653767633085985,0.0029490629700975055,EAP
id03545,0.7627850671854505,0.19303212231782077,0.04418281049672867,EAP
id23725,0.2790221530168916,0.2951302625300841,0.42584758445302423,MWS
id12009,0.6747474909003705,0.13779678271733853,0.18745572638229108,EAP
id24241,0.2704645357990419,0.442374770859199,0.28716069334175914,HPL
id03596,0.3904084914985606,0.5133897114026618,0.09620179709877764,HPL
id10749,0.42090492156009973,0.28881603702128433,0.290279041418616,EAP
id22794,0.08260635294956734,0.15122030798233546,0.7661733390680971,MWS
id15482,0.3656630583634798,0.114783091006261,0.5195538506302592,MWS
id04833,0.4213203202531365,0.3690614874640434,0.20961819228282016,EAP
id00397,0.35531303027521877,0.09796406806270724,0.5467229016620739,MWS
id14691,0.2879469479133294,0.2856941368083859,0.42635891527828473,MWS
id05193,0.2710092423046617,0.016510370340578062,0.7124803873547603,MWS
id19541,0.6443016262016094,0.2321468730696313,0.1235515007287594,EAP
id22166,0.1281977630345038,0.038085954113065014,0.833716282852431,MWS
id20744,0.03983835609383237,0.0012861701336846461,0.9588754737724831,MWS
id10392,0.20881098458665245,0.1779136982830511,0.6132753171302964,MWS
id00770,0.8631564055603538,0.05921530300547243,0.07762829143417371,EAP
id06018,0.592833334791309,0.3802145394118881,0.026952125796802895,EAP
id15678,0.22273599443051392,0.08299091309884507,0.6942730924706408,MWS
id08305,0.5765343708908197,0.42311235457277074,0.000353274536409555,EAP
id08903,0.10805948764459299,0.00606892407659143,0.8858715882788156,MWS
id14752,0.2790341408832309,0.6061828343441537,0.11478302477261552,HPL
id12468,0.3038812628198451,0.6705896680009417,0.02552906917921331,HPL
id05085,0.49067326617214774,0.36278765313333555,0.14653908069451677,EAP
id21993,0.1505475236751961,0.0029167213109387337,0.8465357550138651,MWS
id15503,0.8304977043218775,0.10636603102979438,0.06313626464832814,EAP
id03021,0.4164948905765868,0.4771139020625114,0.1063912073609018,HPL
id16123,0.8901043853396614,0.1040724647792736,0.005823149881064996,EAP
id19383,0.6242325247448838,0.18319461852675836,0.19257285672835783,EAP
id04186,0.905552609531616,0.010712584956051728,0.08373480551233234,EAP
id17954,0.23939964022024324,0.14917666789142722,0.6114236918883296,MWS
id12030,0.27789717091690064,0.0002475007442130632,0.7218553283388864,MWS
id13020,0.5203086833072199,0.44274119499684006,0.036950121695940044,EAP
id25327,0.009080948227396385,0.3678557770635478,0.6230632747090559,MWS
id16344,0.5204562841373465,0.04321216225200698,0.43633155361064657,EAP
id12303,0.6286431236000887,0.30573496588270965,0.06562191051720158,EAP
id15017,0.732477399595919,0.21078892930069884,0.056733671103382136,EAP
id22308,0.17106591749853495,0.05471122923499474,0.7742228532664702,MWS
id06536,0.1075339826352088,0.4938395434345017,0.39862647393028955,HPL
id19797,0.10813393979251461,0.7717788763834416,0.1200871838240437,HPL
id06332,0.30878907811581174,0.4619549301177894,0.2292559917663988,HPL
id22941,0.19870978980556556,0.28857110401812064,0.5127191061763138,MWS
id13547,0.18118107755043653,0.26665504821886743,0.5521638742306961,MWS
id06928,0.10227209198881981,0.005544149411003492,0.8921837586001768,MWS
id12521,0.5266050696861841,0.42378634887215777,0.049608581441658174,EAP
id25716,0.2969024201976726,0.0506359777038728,0.6524616020984545,MWS
id27116,0.07803785016809901,8.562786620883209e-05,0.9218765219656923,MWS
id19941,0.3269866192946712,0.5776402453552661,0.09537313535006257,HPL
id05711,0.19363572235519874,0.013268272157063218,0.7930960054877381,MWS
id02097,0.07459847731061559,0.383194735870426,0.5422067868189584,MWS
id03563,0.29302626623303485,0.6816248577898057,0.02534887597715953,HPL
id02295,0.7502791988741003,0.17809888979124236,0.07162191133465737,EAP
id08179,0.577422580710125,0.29756029631427544,0.12501712297559955,EAP
id05332,0.4723784801453019,0.3948540361499832,0.13276748370471494,EAP
id15697,0.38099100138527425,0.26125693626083857,0.35775206235388707,EAP
id17026,0.2937273891116018,0.011640416864281768,0.6946321940241164,MWS
id04243,0.5730959805682588,0.3928751607056095,0.03402885872613165,EAP
id13175,0.6002456370440109,0.3388888317253037,0.06086553123068543,EAP
id05387,0.6981864217561168,0.16976905127362912,0.1320445269702541,EAP
id19989,0.4199001745055366,0.28645816661938717,0.29364165887507615,EAP
id25173,0.3661212329317724,0.19040930978509954,0.44346945728312803,MWS
id08925,0.31099177349211726,0.5103734067418587,0.178634819766024,HPL
id03034,0.07130230695039536,0.8388266964579207,0.08987099659168403,HPL
id13272,0.219491789726479,0.7026767978308335,0.07783141244268735,HPL
id07956,0.20382121326369054,0.04997498801252503,0.7462037987237844,MWS
id02648,0.0405566290060164,0.0007064219321989557,0.9587369490617846,MWS
id01778,0.12538845324949124,0.12946822200072403,0.7451433247497847,MWS
id12846,0.14491732390564388,0.0781815912476532,0.7769010848467028,MWS
id19001,0.22683674922226243,0.09001100350650684,0.6831522472712308,MWS
id05763,0.5240970486654343,0.34866324555689193,0.1272397057776737,EAP
id15590,0.1985785743830172,0.00018951114190398757,0.8012319144750788,MWS
id04912,0.31837751163810657,0.2612409393991237,0.42038154896276964,MWS
id21201,0.7156043504357994,0.19731468153667567,0.0870809680275249,EAP
id13215,0.9387570809783069,0.0047521096880726674,0.05649080933362046,EAP
id15612,0.6366448775405226,0.19651443805478583,0.1668406844046916,EAP
id18501,0.36047391601771417,0.4255695024265624,0.21395658155572334,HPL
id07223,0.1759669416506456,0.7499042497761118,0.0741288085732425,HPL
id06707,0.23835168559660497,0.1611636780868632,0.6004846363165318,MWS
id05238,0.22611755295420688,0.7271478240052076,0.046734623040585586,HPL
id00935,0.18581957372204946,0.36603248086406603,0.4481479454138845,MWS
id00110,0.3138613705294737,0.06664265872603008,0.6194959707444961,MWS
id17476,0.4038413549852652,0.46823254073645654,0.1279261042782782,HPL
id15170,0.7317444442646955,0.16562864901169008,0.1026269067236143,EAP
id13397,0.3823562120756736,0.07454487880948898,0.5430989091148374,MWS
id24283,0.7039239726149015,0.11305232803815421,0.18302369934694432,EAP
id15234,0.8996266501944393,0.06167560255137237,0.03869774725418827,EAP
id16884,0.16656488746078021,0.7031774865555931,0.1302576259836267,HPL
id07831,0.651096880530876,0.04465968990710976,0.30424342956201433,EAP
id16038,0.6565280303436174,0.12655098731946712,0.2169209823369155,EAP
id03629,0.8728495540642771,0.04642600394975553,0.08072444198596732,EAP
id21019,0.7016126895902258,0.27043756633839466,0.027949744071379304,EAP
id21835,0.023025412254290525,0.37261144785050065,0.6043631398952088,MWS
id04480,0.3704326685747904,0.5582804864600038,0.07128684496520585,HPL
id20838,0.6643322098698559,0.1662047397341437,0.16946305039600046,EAP
id24195,0.5217713348025108,0.19524197281172312,0.282986692385766,EAP
id05448,0.5439063031396152,0.3659828452263075,0.09011085163407735,EAP
id15957,0.0809156666800369,0.8027062532248003,0.11637808009516286,HPL
id19956,0.08516289202353745,0.0013092076270361428,0.9135279003494263,MWS
id15104,0.06875028727261975,0.13226406228123214,0.7989856504461481,MWS
id17559,0.7499304646074805,0.08679676128067698,0.1632727741118426,EAP
id16839,0.3681508837272737,0.07272701641543454,0.5591220998572918,MWS
id14493,0.1068787951876958,0.06632418640120452,0.8267970184110996,MWS
id08833,0.5353748475619331,0.11003755020621807,0.3545876022318488,EAP
id15723,0.09774994725527562,0.0003622396165281539,0.9018878131281963,MWS
id02716,0.7562557989856937,0.12414022857363351,0.11960397244067282,EAP
id06689,0.3296359149650315,0.6031625157102163,0.06720156932475216,HPL
id18837,0.33618576999378513,0.2060483554146141,0.4577658745916007,MWS
id04466,0.814185888882189,0.13955707961262204,0.046257031505188964,EAP
id00686,0.5257641302312228,0.3337342015269439,0.1405016682418333,EAP
id09010,0.3169314498107232,0.6503506372748104,0.03271791291446632,HPL
id23353,0.8854420530070876,0.012229690028120752,0.10232825696479161,EAP
id00066,0.5924745315138917,0.08768258775830683,0.3198428807278015,EAP
id15724,0.17090084130371494,0.6332120277763543,0.1958871309199307,HPL
id23486,0.19342758410359606,0.20818672964913393,0.59838568624727,MWS
id22258,0.07484045520856798,0.07562829192673516,0.8495312528646969,MWS
id02292,0.7592712714139721,0.07470353829848783,0.1660251902875401,EAP
id16356,0.6053809864128408,0.10995774558161876,0.28466126800554037,EAP
id00235,0.8069001697806207,0.09619449820900058,0.09690533201037876,EAP
id25522,0.1644123724008019,0.11400395281837601,0.7215836747808221,MWS
id04204,0.19190108638786338,0.7641899047768425,0.043909008835294305,HPL
id22016,0.52898776121219,0.006502519350344701,0.46450971943746516,EAP
id06480,0.20866840356402547,0.6768689773718374,0.11446261906413718,HPL
id08718,0.32280691217103313,0.00041476903514624784,0.6767783187938207,MWS
id05251,0.30578674902100667,0.658898588986942,0.03531466199205147,HPL
id03359,0.6676857345399635,0.21195484173660378,0.12035942372343279,EAP
id16117,0.19925513289036564,0.10026684877801374,0.7004780183316207,MWS
id17000,0.07100567041782616,0.9106081501883874,0.018386179393786502,HPL
id01730,0.27924896401676697,0.5095715601109992,0.21117947587223362,HPL
id00630,0.7136016521507561,0.2627639027308286,0.023634445118415344,EAP
id18175,0.19582969584675705,0.008993167119622765,0.7951771370336201,MWS
id00907,0.6871190644079872,0.10006885885303503,0.21281207673897778,EAP
id18251,0.1791799408904561,0.7811306973299795,0.03968936177956415,HPL
id25861,0.06280968916611872,0.704606929234131,0.23258338159975023,HPL
id00398,0.2901292297572637,0.6172759185539866,0.0925948516887497,HPL
id27573,0.7273588414712837,0.050294896987982216,0.22234626154073406,EAP
id10022,0.23966112218433563,0.12461449989138057,0.6357243779242838,MWS
id15901,0.32750186421761157,0.0013582015829032349,0.6711399341994853,MWS
id00451,0.3838062494618249,0.3070266829764665,0.30916706756170864,EAP
id23129,0.3107889900233874,0.6379111067538358,0.051299903222776715,HPL
id26498,0.4518577561621306,0.17894469226686893,0.3691975515710004,EAP
id14741,0.07627318241839826,0.768740983245528,0.15498583433607382,HPL
id18453,0.22091102939155835,0.05961595103275733,0.7194730195756843,MWS
id08309,0.814149923359768,0.09251008778566037,0.09333998885457162,EAP
id00320,0.6987282031869085,0.20750204014005022,0.09376975667304123,EAP
id07688,0.18663063904260946,0.25792744276882146,0.5554419181885691,MWS
id01556,0.071068994233401,0.16686949604520634,0.7620615097213925,MWS
id00178,0.5226074279364377,0.19165410737199476,0.2857384646915675,EAP
id18902,0.027092861177789973,0.38825200856208514,0.5846551302601248,MWS
id27002,0.4905630354820933,0.5093815762990036,5.5388218903089725e-05,HPL
id21418,0.7138340152739769,0.27553858953010624,0.010627395195916784,EAP
id23018,0.3746371975677725,0.4961786843508056,0.1291841180814219,HPL
id07032,0.363576787749324,0.05775130844634149,0.5786719038043344,MWS
id16195,0.5855918656439247,0.17904369080100743,0.23536444355506786,EAP
id11202,0.4822506069292118,0.38054336706902436,0.1372060260017638,EAP
id09578,0.8788514778753319,0.028592666958764383,0.09255585516590381,EAP
id26984,0.48641329395756244,0.0018598133975556773,0.5117268926448818,MWS
id19856,0.43269525386904334,0.39587151885420624,0.1714332272767504,EAP
id12086,0.10385174385090033,0.3747433406444889,0.5214049155046107,MWS
id12052,0.30775971684248266,0.11111001214602313,0.5811302710114942,MWS
id17728,0.1904389110278687,0.06606990549102731,0.743491183481104,MWS
id24608,0.2892591280266647,0.33971309559273827,0.37102777638059703,MWS
id21097,0.24649621259614918,0.16920090999558976,0.584302877408261,MWS
id20179,0.2284199357013076,0.28683009002321397,0.4847499742754784,MWS
id15144,0.46902417805237073,0.04333252412143285,0.4876432978261966,MWS
id00206,0.7777260348756913,0.2134073372729606,0.008866627851347994,EAP
id22285,0.21885201259553355,0.012557454139931626,0.7685905332645347,MWS
id06417,0.47597359202530815,0.15762705527649998,0.3663993526981918,EAP
id00215,0.5067161240079111,0.4611472798049708,0.03213659618711803,EAP
id04201,0.12012639262169421,0.21815975714387675,0.6617138502344289,MWS
id21771,0.7933483407246884,0.14308123367631803,0.06357042559899365,EAP
id12451,0.08890598476781764,0.5567088210186409,0.35438519421354125,HPL
id14250,0.18416576589823866,0.4507543898712695,0.3650798442304919,HPL
id03433,0.486105458768317,0.20709711751286244,0.3067974237188205,EAP
id03303,0.24421679963109721,0.0040371878246481425,0.7517460125442547,MWS
id25901,0.1095414707419804,0.20177172229685733,0.6886868069611624,MWS
id06945,0.5997328198119212,0.09338175545788935,0.3068854247301894,EAP
id05664,0.5998657225462931,0.017558393529833346,0.3825758839238735,EAP
id05741,0.7803346038301845,0.069485744453004,0.15017965171681166,EAP
id10652,0.7330504012511402,0.19882143449769807,0.06812816425116174,EAP
id16300,0.7325436531939076,0.1835132305689857,0.08394311623710671,EAP
id12319,0.3449652426860209,0.41646466208925687,0.2385700952247222,HPL
id07500,0.4812873174248173,0.4852332253531965,0.033479457221986295,HPL
id12478,0.12177522403572182,0.47830265157214247,0.3999221243921357,HPL
id03076,0.20496654814997003,0.007171108027778149,0.7878623438222518,MWS
id00969,0.2612634326782186,0.5960379647807669,0.14269860254101452,HPL
id23636,0.06142411636604244,0.8270294193678215,0.11154646426613615,HPL
id09791,0.1321758403818452,0.0991215666320242,0.7687025929861306,MWS
id05680,0.16675954533199894,0.6044697658508665,0.22877068881713442,HPL
id03672,0.1778557365573762,0.47891953929977993,0.34322472414284394,HPL
id04286,0.10320058222055384,0.666192922981513,0.23060649479793316,HPL
id23883,0.20694039713694518,0.6547877433462658,0.13827185951678905,HPL
id11914,0.47515261991946256,0.03225831928439218,0.4925890607961452,MWS
id20974,0.39601421946350784,0.4682405158016279,0.13574526473486417,HPL
id26125,0.5301321911200852,0.1815952785387946,0.2882725303411202,EAP
id15543,0.5307187575144967,0.012540697057200487,0.45674054542830284,EAP
id19471,0.6626939301478443,0.17550448558853285,0.1618015842636229,EAP
id11503,0.5797798765149091,0.3322563420936807,0.08796378139141013,EAP
id09321,0.13948463091688343,0.69885286385098,0.1616625052321366,HPL
id25560,0.05644429972376146,0.08564954314769009,0.8579061571285486,MWS
id06726,0.1649480567335367,0.4654621386590966,0.3695898046073667,HPL
id05709,0.8338017771460025,0.048537940639106686,0.11766028221489086,EAP
id09788,0.06038424415176087,0.5200716889175944,0.41954406693064467,HPL
id05289,0.7732929095636709,0.20425412026275838,0.022452970173570754,EAP
id11815,0.14750570583736372,0.8294938242123444,0.023000469950291834,HPL
id22422,0.3370966238437617,0.27769584508521744,0.38520753107102085,MWS
id25954,0.3715948799658231,0.39878376254015097,0.22962135749402582,HPL
id13601,0.5668513361751487,0.3472814461967003,0.08586721762815094,EAP
id05677,0.27771913412828214,0.170915505707273,0.5513653601644448,MWS
id10498,0.3998328579416456,0.5751741149974389,0.02499302706091566,HPL
id02665,0.5812768629743419,0.36118031849327464,0.05754281853238342,EAP
id10114,0.19028900301126506,0.3222620044633391,0.48744899252539586,MWS
id26314,0.7623563487238468,0.10938065691903938,0.12826299435711377,EAP
id21240,0.052409674028840766,0.06935837071214962,0.8782319552590095,MWS
id15569,0.6968567170474617,0.2739350127579275,0.029208270194610756,EAP
id25928,0.6234610204385101,0.16376211663546683,0.21277686292602305,EAP
id22706,0.1997097404078178,0.6467787495655437,0.15351151002663857,HPL
id20877,0.0559560075291013,0.8567936429745046,0.08725034949639414,HPL
id04318,0.7536879136446601,0.04725506386029856,0.19905702249504129,EAP
id18299,0.49983946031685433,0.266221880866895,0.23393865881625067,EAP
id08126,0.09431823141513554,0.06827956935124638,0.8374021992336181,MWS
id14293,0.3772270557384019,0.25467272606279723,0.36810021819880084,EAP
id12759,0.829514114926075,0.006768435099686362,0.1637174499742387,EAP
id11983,0.4696676120053321,0.3104853671119668,0.21984702088270108,EAP
id05580,0.2912960362233416,0.41960768993466296,0.2890962738419954,HPL
id25846,0.2209848134687641,0.4174817453908716,0.36153344114036434,HPL
id01939,0.4975383813057041,0.14351043811052808,0.3589511805837679,EAP
id26327,0.19424995349131938,0.728468854652752,0.0772811918559286,HPL
id11068,0.07047749811338805,0.0019101955294597724,0.9276123063571521,MWS
id08404,0.7567878188575964,0.15382408597562183,0.08938809516678176,EAP
id27189,0.6127405853240866,0.32770843203410877,0.059550982641804716,EAP
id15119,0.0703860442968906,0.5771476332017841,0.3524663225013253,HPL
id26525,0.7773380657431389,0.0067357581989492266,0.21592617605791184,EAP
id03618,0.3252911352289191,0.6497771337514698,0.024931731019611082,HPL
id27220,0.32362712655958203,0.5878216456743438,0.08855122776607419,HPL
id18777,0.02010582024296039,0.0005486460283930293,0.9793455337286465,MWS
id20213,0.656775688013971,0.3333739060939882,0.009850405892040882,EAP
id20403,0.694269070861918,0.1307226178403225,0.17500831129775946,EAP
id03777,0.4507676402338555,0.1382199675708484,0.4110123921952961,EAP
id10595,0.6190477786503267,0.23837722743720732,0.14257499391246595,EAP
id13816,0.16088642764446973,0.077735779083342,0.7613777932721884,MWS
id05667,0.1767016883314399,0.022675201808368912,0.8006231098601913,MWS
id24629,0.8336175965802153,0.012178859816678017,0.1542035436031067,EAP
id20398,0.2855173590089481,0.3764132975944765,0.33806934339657546,HPL
id14108,0.2257603420566707,0.04331743161202862,0.7309222263313007,MWS
id06196,0.1006195788553387,0.8011932810609047,0.09818714008375663,HPL
id02800,0.3428752341226044,0.5686215081419015,0.08850325773549413,HPL
id18732,0.05461195812664792,0.8832407939904485,0.0621472478829035,HPL
id11915,0.22947562338333075,0.6671969591968832,0.10332741741978604,HPL
id09739,0.8068977158470161,0.15421620764056002,0.038886076512423935,EAP
id24672,0.7802633658476282,0.06913795252865816,0.15059868162371362,EAP
id00414,0.09448578052934296,0.07866360927911888,0.8268506101915382,MWS
id16307,0.6492890996498017,0.23262467536790885,0.11808622498228928,EAP
id14043,0.0891020213341163,0.3045935498903019,0.6063044287755819,MWS
id00517,0.09785797462955764,0.008327314173890878,0.8938147111965515,MWS
id09744,0.4302987091331568,0.5495493608894227,0.020151929977420564,HPL
id19257,0.9348627218716345,0.023616732874411215,0.04152054525395416,EAP
id15437,0.43808027082049383,0.4470663140285145,0.11485341515099161,HPL
id16352,0.24891357813058826,0.16461259558221583,0.5864738262871959,MWS
id18849,0.7051873779033815,0.20861217036763244,0.08620045172898601,EAP
id19434,0.09066978348650064,0.900364126005541,0.008966090507958118,HPL
id17928,0.4404123723351381,0.211415813975128,0.348171813689734,EAP
id16896,0.15317704260115364,0.028181698120618034,0.8186412592782283,MWS
id02135,0.06907035239892372,0.3485801497564163,0.5823494978446601,MWS
id15075,0.924765174013817,0.05354456378850258,0.021690262197680502,EAP
id27486,0.23827256945616554,0.7330561114284143,0.028671319115420032,HPL
id19422,0.7956675858740682,0.16352586581922388,0.04080654830670794,EAP
id09603,0.18030425831988187,0.5344826346650526,0.2852131070150655,HPL
id02133,0.5976817893853976,0.3199238147917132,0.0823943958228891,EAP
id03441,0.6487881096239639,0.03796170359277553,0.3132501867832605,EAP
id02398,0.28491260950223996,0.6662820786711791,0.0488053118265809,HPL
id05152,0.3261572347196569,0.09699331120859433,0.5768494540717488,MWS
id17838,0.6351928867105129,0.09679847027294591,0.2680086430165412,EAP
id25060,0.4516681992904541,0.48390414093537815,0.06442765977416769,HPL
id09998,0.527842627509321,0.17011584171327254,0.3020415307774063,EAP
id01828,0.09083804385278596,0.6362674536407471,0.2728945025064671,HPL
id25377,0.5316552798218651,0.16535333564253485,0.3029913845356001,EAP
id22175,0.3581212429346207,0.621041169401883,0.02083758766349612,HPL
id02974,0.1860821889780452,0.08591880930850017,0.7279990017134547,MWS
id26955,0.6492256563438511,0.33168460601483646,0.019089737641312512,EAP
id21091,0.38363564681983797,0.04767395229017213,0.5686904008899899,MWS
id12802,0.5910235664133378,0.40267369583153745,0.006302737755124791,EAP
id07432,0.22566788073476582,0.7232199933727506,0.05111212589248359,HPL
id18749,0.15783937308217616,0.636268738824596,0.20589188809322795,HPL
id15030,0.08588822978896979,0.05323225420247408,0.8608795160085562,MWS
id17155,0.2581024802640764,0.5601673172595545,0.181730202476369,HPL
id08128,0.3024196997683604,0.3581687516549403,0.3394115485766993,HPL
id25706,0.1760094296512881,0.6963628221666669,0.1276277481820451,HPL
id15645,0.8666421353175624,0.033600581813403134,0.09975728286903444,EAP
id04943,0.440809337768781,0.4665422461352526,0.09264841609596643,HPL
id27566,0.3962122302047189,0.35081035114078324,0.25297741865449785,EAP
id11765,0.049937243783267186,0.5095594704781252,0.4405032857386077,HPL
id13783,0.08339405997060932,0.5551522274573373,0.36145371257205344,HPL
id00492,0.09879600754581476,0.04188821508422036,0.8593157773699648,MWS
id27636,0.32260710836052003,0.05522212965890923,0.6221707619805708,MWS
id04273,0.5256087095714576,0.30024706074862695,0.17414422967991544,EAP
id02537,0.23219273436707616,0.019198910269646315,0.7486083553632775,MWS
id24349,0.6540602119537187,0.31664769923192637,0.029292088814355112,EAP
id00023,0.11016454144775578,0.6192759997804537,0.27055945877179055,HPL
id23025,0.4291348980645454,0.4644149386511481,0.10645016328430652,HPL
id08722,0.5117797587912386,0.03719466845624905,0.45102557275251226,EAP
id02420,0.6823441306116035,0.3116238680655209,0.0060320013228757,EAP
id10811,0.7055205799586797,0.11876691502151304,0.17571250501980726,EAP
id04019,0.32585771813437847,0.32803226843216354,0.346110013433458,MWS
id18334,0.9687721095420623,0.026533229366859166,0.0046946610910784435,EAP
id16781,0.5568515725745107,0.4160641660275231,0.02708426139796602,EAP
id08773,0.5692029917202897,0.4069928366594089,0.023804171620301424,EAP
id19214,0.7015392523208556,0.08792817039098257,0.210532577288162,EAP
id09589,0.05412650911970265,0.8601463606043054,0.08572713027599194,HPL
id24246,0.6603628558464628,0.31068722390321984,0.02894992025031736,EAP
id23577,0.7386268451048013,0.2585664098342751,0.0028067450609235802,EAP
id09305,0.1704297021881607,0.01769762437222417,0.8118726734396151,MWS
id16460,0.7032479714320191,0.18381214778718533,0.11293988078079556,EAP
id21115,0.7527281795991456,0.12931563519363476,0.1179561852072197,EAP
id25996,0.43464911642493953,0.004993911745524746,0.5603569718295356,MWS
id02551,0.11498700396594559,0.10154465727487474,0.7834683387591796,MWS
id19352,0.1927012257818087,0.0111845049751999,0.7961142692429914,MWS
id03806,0.060016553180905124,0.02067738011580522,0.9193060667032896,MWS
id26544,0.5722014947251065,0.012539732219948741,0.4152587730549448,EAP
id18761,0.6849083707188246,0.09936064647012893,0.21573098281104655,EAP
id24148,0.18986916238167592,0.7620881781535079,0.04804265946481625,HPL
id16095,0.17518727762045402,0.724946299966743,0.09986642241280301,HPL
id18442,0.4248778693970668,0.48316415162869736,0.09195797897423588,HPL
id22596,0.11335090724496616,0.010967439780890993,0.8756816529741429,MWS
id23002,0.20415998839912325,0.013386441381569605,0.7824535702193073,MWS
id04797,0.893214262124145,0.037790999543295914,0.06899473833255906,EAP
id06610,0.25196328066305435,0.06922285064936515,0.6788138686875804,MWS
id16173,0.1684400620838203,0.5172314871256029,0.31432845079057686,HPL
id18292,0.22834178256772994,0.1183913259792589,0.6532668914530112,MWS
id27328,0.769471242823186,0.1449618386587026,0.08556691851811135,EAP
id01695,0.0785420610763871,0.867492534775151,0.05396540414846198,HPL
id05761,0.5986933728518155,0.016595379911223916,0.38471124723696043,EAP
id16354,0.664585007102689,0.05197446757655761,0.28344052532075337,EAP
id12207,0.4578017695468201,0.2946156693981712,0.24758256105500875,EAP
id05665,0.27928324698483975,0.2787696115451129,0.4419471414700474,MWS
id01911,0.719344284957086,0.20083074672037393,0.07982496832254007,EAP
id19153,0.2269501357267994,0.056582805165680726,0.71646705910752,MWS
id10295,0.19455316343699297,0.5211725797871675,0.2842742567758396,HPL
id23038,0.17319334394494756,0.271218497019015,0.5555881590360374,MWS
id23783,0.28794989079392835,0.6181777153691711,0.09387239383690052,HPL
id27879,0.7807384192815862,0.1749531082870031,0.044308472431410714,EAP
id19190,0.2952180977328139,0.7041870788382174,0.0005948234289686945,HPL
id05065,0.7605579984406816,0.21868650486567187,0.020755496693646354,EAP
id21296,0.43039191955456324,0.44263254770990035,0.12697553273553636,HPL
id13262,0.13638177600732962,0.38078840561602,0.48282981837665034,MWS
id10333,0.4993456678651366,0.24517732931109165,0.2554770028237718,EAP
id16677,0.6843555706384274,0.1994112330478922,0.11623319631368037,EAP
id01392,0.2683844559802856,0.07247254730634202,0.6591429967133724,MWS
id27874,0.9472239970431829,0.047137698695943746,0.005638304260873332,EAP
id02294,0.5079437177376349,0.4446867913787849,0.04736949088358009,EAP
id18298,0.06509618215896111,0.39561267923314325,0.5392911386078957,MWS
id06997,0.7938115313729759,0.14426579710457854,0.061922671522445516,EAP
id05243,0.43039046516430424,0.5199225997730879,0.04968693506260789,HPL
id00860,0.22801942518419557,0.6219745419646328,0.1500060328511717,HPL
id26681,0.6552749858316509,0.2857931135331866,0.058931900635162536,EAP
id06020,0.2732421973368996,0.05740553080764227,0.6693522718554581,MWS
id27683,0.5344768632324084,0.2812326657052585,0.18429047106233304,EAP
id17655,0.33847122469078006,0.5500869572967415,0.11144181801247849,HPL
id08817,0.45834537484601307,0.08086350501909759,0.4607911201348893,MWS
id11512,0.04223846629131401,0.22943147471130598,0.72833005899738,MWS
id00478,0.41168518420647454,0.2784655613108011,0.3098492544827244,EAP
id02116,0.7613346343775571,0.08843956051021462,0.15022580511222824,EAP
id06746,0.43011624249305846,0.3612974115393332,0.20858634596760842,EAP
id03863,0.7611340108024058,0.08621035920559732,0.15265562999199686,EAP
id01802,0.13019108520452113,0.5749586235032174,0.29485029129226153,HPL
id11682,0.6782791429827602,0.12908323384252393,0.1926376231747159,EAP
id04033,0.31055316006526723,0.5854942587542665,0.10395258118046627,HPL
id09286,0.23939542580655415,0.4288921660231169,0.33171240817032893,HPL
id12904,0.8465189596624351,0.11914653760990501,0.03433450272765989,EAP
id07420,0.25398727369700075,0.14949990227941007,0.5965128240235892,MWS
id22398,0.10840550048424892,0.861216226687784,0.030378272827967116,HPL
id00424,0.11348488679689402,0.2766015972160581,0.6099135159870479,MWS
id20960,0.6799600692991877,0.27983728451565437,0.040202646185158036,EAP
id10267,0.6259026531984188,0.3050141907511562,0.06908315605042502,EAP
id19330,0.35236370367183095,0.07296445980639205,0.574671836521777,MWS
id00994,0.09314152899521502,0.8637231797451123,0.04313529125967277,HPL
id10785,0.580744840939773,0.14563188643923589,0.27362327262099106,EAP
id00955,0.07673515503830723,0.8989924336609956,0.02427241130069727,HPL
id09757,0.2040226340978957,0.7559393089798861,0.04003805692221809,HPL
id10030,0.18456622415480875,0.06961583692713762,0.7458179389180536,MWS
id22952,0.13630498549415804,0.14739448679194309,0.7163005277138988,MWS
id21955,0.028963290607408796,0.2115658589769629,0.7594708504156283,MWS
id07674,0.14607419861558396,0.17217337952439002,0.681752421860026,MWS
id13760,0.4888809552493694,0.41646853242445103,0.09465051232617953,EAP
id18166,0.7842679402828936,0.09999955016868022,0.11573250954842611,EAP
id23498,0.21721677564401087,0.7532099733158762,0.029573251040112835,HPL
id05296,0.7653152786873528,0.011512494902864668,0.22317222640978254,EAP
id26709,0.26807797662312977,0.6365735396345633,0.09534848374230696,HPL
id02853,0.5119922255736092,0.45698857730395576,0.031019197122435005,EAP
id06800,0.34349154565735324,0.42161193693962784,0.23489651740301892,HPL
id14758,0.23778196439245666,0.515519482321466,0.24669855328607732,HPL
id12356,0.7722731939165469,0.11090345505583699,0.116823351027616,EAP
id21492,0.724727745080352,0.17494718231512596,0.10032507260452221,EAP
id27540,0.5676851025714564,0.18126690951878852,0.25104798790975513,EAP
id07376,0.3818340823972568,0.26934838683805334,0.3488175307646899,EAP
id15201,0.38828795161302265,0.4606667839844402,0.15104526440253727,HPL
id23388,0.14458801473644936,0.6611169535307876,0.19429503173276305,HPL
id13923,0.38953460262344614,0.533565891204825,0.07689950617172882,HPL
id00794,0.2381918077632598,0.6084006505268775,0.15340754170986273,HPL
id23910,0.3840780020012389,0.24406575668690753,0.37185624131185363,EAP
id02556,0.040002359591194164,0.20366453471040918,0.7563331056983966,MWS
id22151,0.20450687673893736,0.7454072801662343,0.050085843094828345,HPL
id11698,0.021723430153774266,0.9571769750749128,0.02109959477131286,HPL
id11627,0.40134067942565343,0.3433729325798241,0.25528638799452247,EAP
id06340,0.6443658585467451,0.28761661956523477,0.06801752188802013,EAP
id05123,0.9892121047177256,0.0027426408030007043,0.008045254479273916,EAP
id26620,0.08774373040306134,0.033920526091746166,0.8783357435051924,MWS
id04002,0.24848880658782646,0.16865166153716996,0.5828595318750036,MWS
id26554,0.07735052565000287,0.7348446673816148,0.1878048069683824,HPL
id18012,0.23804247331395673,0.32207149957717257,0.4398860271088707,MWS
id12964,0.07321554699216305,0.10803590089034552,0.8187485521174914,MWS
id18965,0.15433779027410227,0.696312918406599,0.14934929131929867,HPL
id19082,0.18344490853195722,0.02410399673914833,0.7924510947288945,MWS
id26742,0.2394443751080325,0.015414995164482907,0.7451406297274846,MWS
id15442,0.6116999228567825,0.2807921593033928,0.10750791783982466,EAP
id16647,0.2961033789910092,0.0038984882998065193,0.6999981327091843,MWS
id11544,0.47869811954472563,0.16742030049684,0.35388157995843444,EAP
id20581,0.12666883635342654,0.10027979957700274,0.7730513640695708,MWS
id13192,0.4052394651122223,0.5131361496794847,0.08162438520829295,HPL
id15814,0.06916649145551518,0.25946754267763844,0.6713659658668463,MWS
id26279,0.4852917097756163,0.3565611645665733,0.1581471256578105,EAP
id00240,0.7672465640505075,0.037904150515448855,0.19484928543404378,EAP
id22836,0.7617731081537636,0.06045450986668482,0.17777238197955142,EAP
id15085,0.11779857163668311,0.6483983659904431,0.2338030623728738,HPL
id17495,0.4128227580236928,0.13109817185331427,0.4560790701229929,MWS
id26762,0.5743968751331138,0.019699659033548342,0.4059034658333378,EAP
id13685,0.6054384466605593,0.019250460617275186,0.3753110927221655,EAP
id16560,0.25434622890281416,0.6750326616901925,0.07062110940699344,HPL
id17184,0.05255825016052343,0.7414826648868907,0.20595908495258583,HPL
id21635,0.8568000426689778,0.07089160528013148,0.07230835205089081,EAP
id26751,0.13886882730874076,0.731502772630057,0.1296284000612022,HPL
id12351,0.6731334890769105,0.15094177087930258,0.17592474004378691,EAP
id14872,0.7100011587987699,0.25814781770789363,0.03185102349333653,EAP
id18372,0.662620483988145,0.23754162768482756,0.0998378883270275,EAP
id26851,0.856384672260081,0.07286635430177112,0.07074897343814794,EAP
id22659,0.3588269670689606,0.5386857931895672,0.10248723974147213,HPL
id04102,0.3160094213694665,0.03654359010831605,0.6474469885222174,MWS
id02353,0.060066624913190356,0.7952485262891305,0.1446848487976791,HPL
id26721,0.8035006158559779,0.14679683698225016,0.04970254716177192,EAP
id11171,0.6238662972510677,0.028071996683311236,0.34806170606562103,EAP
id13562,0.157221115770949,0.8405001646832274,0.0022787195458236053,HPL
id26425,0.3040301971603955,0.3070907889837027,0.3888790138559019,MWS
id26394,0.5615753745605702,0.06837746853251958,0.3700471569069103,EAP
id22187,0.8692181769906931,0.03934882846104579,0.09143299454826112,EAP
id00422,0.6300352741039036,0.15790482639755274,0.21205989949854354,EAP
id22667,0.29917047974795136,0.6793455580305064,0.021483962221542183,HPL
id00911,0.5817049071905277,0.14234328199826027,0.2759518108112121,EAP
id17291,0.6415726682826639,0.024326550337469034,0.33410078137986704,EAP
id01915,0.1453552145757394,0.563219541139924,0.2914252442843366,HPL
id01434,0.21103821126779554,0.009119917825023433,0.779841870907181,MWS
id01584,0.3690653657928136,0.25087694854684467,0.3800576856603417,MWS
id09266,0.47750033225717936,0.3433546136041201,0.17914505413870052,EAP
id17494,0.024452826332869628,0.9268571156292573,0.04869005803787308,HPL
id24919,0.5375638262003773,0.11030911351015506,0.35212706028946755,EAP
id21043,0.4629254113544416,0.07583526017569281,0.4612393284698655,EAP
id17796,0.40395972513736483,0.5758915524164303,0.020148722446204782,HPL
id02166,0.12582762683470627,0.09226809143099592,0.7819042817342978,MWS
id17503,0.5770115859478567,0.04210090709256458,0.38088750695957857,EAP
id21203,0.4947682131638181,0.04294718522398386,0.462284601612198,EAP
id25626,0.6757673429470716,0.10649961429718621,0.21773304275574232,EAP
id09836,0.8998787256476254,0.012854080157073362,0.08726719419530135,EAP
id24202,0.32947569028491935,0.21152006921612776,0.4590042404989529,MWS
id27260,0.4110933375960343,0.10591157118382556,0.48299509122014017,MWS
id23167,0.21666572819069385,0.09909012340488972,0.6842441484044164,MWS
id10393,0.03308083948209006,0.8851960173569045,0.0817231431610054,HPL
id01171,0.7244838736645426,0.2689899009220525,0.006526225413405033,EAP
id06380,0.7769902980953821,0.04604662895847937,0.17696307294613867,EAP
id22686,0.3696193948411381,0.16330034032765461,0.4670802648312073,MWS
id26250,0.3381586474871144,0.0361159605216006,0.6257253919912852,MWS
id09315,0.14910512564084882,0.6144024477993655,0.2364924265597857,HPL
id00886,0.22005722733719527,0.6187932049315749,0.16114956773122982,HPL
id03101,0.6489087230624837,0.2801394045751364,0.07095187236237985,EAP
id12367,0.4262323314868473,0.09816805662869511,0.47559961188445765,MWS
id10770,0.826354718808731,0.03495756346793429,0.13868771772333485,EAP
id14949,0.27209038156790744,0.6367549143969096,0.0911547040351831,HPL
